"id","base","mutrepair","RHR","HRR","OCR"
"1","pass","pass","26.51","46.14","4.36"
"2","pass","pass","","",""
"3","pass","pass","","",""
"4","pass","pass","","",""
"5","fail","fail","","",""
"6","pass","pass","","",""
"7","pass","pass","","",""
"8","pass","pass","","",""
"9","fail","pass","","",""
"10","pass","pass","","",""
"11","pass","pass","","",""
"12","pass","pass","","",""
"13","pass","pass","","",""
"14","pass","pass","","",""
"15","fail","fail","","",""
"16","pass","pass","","",""
"17","pass","pass","","",""
"18","fail","pass","","",""
"19","pass","pass","","",""
"20","pass","pass","","",""
"21","pass","pass","","",""
"22","pass","pass","","",""
"23","pass","pass","","",""
"24","fail","pass","","",""
"25","pass","pass","","",""
"26","pass","pass","","",""
"27","fail","fail","","",""
"28","pass","pass","","",""
"29","pass","pass","","",""
"30","fail","pass","","",""
"31","fail","fail","","",""
"32","pass","pass","","",""
"33","pass","pass","","",""
"34","pass","pass","","",""
"35","fail","fail","","",""
"36","pass","pass","","",""
"37","pass","pass","","",""
"38","pass","pass","","",""
"39","pass","pass","","",""
"40","fail","pass","","",""
"41","pass","pass","","",""
"42","fail","fail","","",""
"43","pass","pass","","",""
"44","fail","pass","","",""
"45","fail","pass","","",""
"46","fail","pass","","",""
"47","fail","fail","","",""
"48","pass","pass","","",""
"49","fail","pass","","",""
"50","fail","pass","","",""
"51","pass","pass","","",""
"52","pass","pass","","",""
"53","fail","fail","","",""
"54","fail","pass","","",""
"55","pass","pass","","",""
"56","pass","pass","","",""
"57","fail","pass","","",""
"58","fail","fail","","",""
"59","fail","pass","","",""
"60","fail","pass","","",""
"61","fail","pass","","",""
"62","pass","pass","","",""
"63","pass","pass","","",""
"64","pass","fail","","",""
"65","fail","pass","","",""
"66","pass","pass","","",""
"67","fail","fail","","",""
"68","pass","pass","","",""
"69","pass","pass","","",""
"70","fail","pass","","",""
"71","pass","pass","","",""
"72","pass","pass","","",""
"73","pass","pass","","",""
"74","pass","pass","","",""
"75","fail","pass","","",""
"76","pass","pass","","",""
"77","pass","pass","","",""
"78","fail","pass","","",""
"79","pass","pass","","",""
"80","fail","fail","","",""
"81","fail","fail","","",""
"82","pass","pass","","",""
"83","fail","fail","","",""
"84","pass","pass","","",""
"85","fail","pass","","",""
"86","pass","pass","","",""
"87","fail","pass","","",""
"88","fail","fail","","",""
"89","pass","pass","","",""
"90","pass","pass","","",""
"91","pass","pass","","",""
"92","pass","pass","","",""
"93","fail","fail","","",""
"94","fail","fail","","",""
"95","pass","pass","","",""
"96","fail","fail","","",""
"97","pass","fail","","",""
"98","pass","pass","","",""
"99","pass","pass","","",""
"100","fail","pass","","",""
"101","pass","pass","","",""
"102","pass","pass","","",""
"103","pass","pass","","",""
"104","fail","fail","","",""
"105","pass","pass","","",""
"106","pass","pass","","",""
"107","fail","pass","","",""
"108","pass","pass","","",""
"109","pass","pass","","",""
"110","pass","pass","","",""
"111","fail","pass","","",""
"112","pass","pass","","",""
"113","fail","fail","","",""
"114","pass","pass","","",""
"115","pass","pass","","",""
"116","fail","pass","","",""
"117","pass","pass","","",""
"118","fail","pass","","",""
"119","pass","pass","","",""
"120","pass","pass","","",""
"121","fail","fail","","",""
"122","fail","fail","","",""
"123","fail","pass","","",""
"124","pass","pass","","",""
"125","fail","fail","","",""
"126","fail","fail","","",""
"127","fail","pass","","",""
"128","fail","pass","","",""
"129","fail","fail","","",""
"130","pass","pass","","",""
"131","fail","fail","","",""
"132","pass","pass","","",""
"133","pass","pass","","",""
"134","pass","pass","","",""
"135","pass","fail","","",""
"136","fail","fail","","",""
"137","fail","fail","","",""
"138","fail","fail","","",""
"139","fail","fail","","",""
"140","fail","fail","","",""
"141","fail","fail","","",""
"142","fail","fail","","",""
"143","fail","fail","","",""
"144","fail","fail","","",""
"145","fail","pass","","",""
"146","fail","fail","","",""
"147","fail","fail","","",""
"148","fail","fail","","",""
"149","fail","fail","","",""
"150","fail","pass","","",""
"151","fail","fail","","",""
"152","pass","pass","","",""
"153","fail","fail","","",""
"154","pass","fail","","",""
"155","pass","fail","","",""
"156","fail","pass","","",""
"157","fail","pass","","",""
"158","pass","fail","","",""
"159","fail","fail","","",""
"160","fail","pass","","",""
"161","pass","pass","","",""
"162","pass","fail","","",""
"163","fail","fail","","",""
"164","pass","pass","","",""
"165","pass","pass","","",""
"166","pass","pass","","",""
"167","pass","pass","","",""
"168","fail","pass","","",""
"169","fail","fail","","",""
"170","fail","fail","","",""
"171","fail","fail","","",""
"172","fail","fail","","",""
"173","fail","fail","","",""
"174","fail","pass","","",""
"175","fail","fail","","",""
"176","fail","fail","","",""
"177","fail","fail","","",""
"178","fail","fail","","",""
"179","fail","fail","","",""
"180","fail","fail","","",""
"181","fail","fail","","",""
"182","pass","pass","","",""
"183","fail","pass","","",""
"184","fail","pass","","",""
"185","fail","fail","","",""
"186","pass","pass","","",""
"187","fail","fail","","",""
"188","fail","pass","","",""
"189","pass","pass","","",""
"190","pass","pass","","",""
"191","pass","pass","","",""
"192","pass","pass","","",""
"193","pass","pass","","",""
"194","pass","pass","","",""
"195","pass","pass","","",""
"196","fail","pass","","",""
"197","pass","pass","","",""
"198","fail","pass","","",""
"199","pass","pass","","",""
"200","fail","fail","","",""
"201","fail","pass","","",""
"202","pass","pass","","",""
"203","fail","pass","","",""
"204","fail","fail","","",""
"205","fail","fail","","",""
"206","pass","pass","","",""
"207","fail","fail","","",""
"208","pass","pass","","",""
"209","pass","pass","","",""
"210","fail","pass","","",""
"211","pass","pass","","",""
"212","pass","pass","","",""
"213","pass","pass","","",""
"214","fail","fail","","",""
"215","fail","fail","","",""
"216","fail","pass","","",""
"217","pass","pass","","",""
"218","pass","pass","","",""
"219","pass","pass","","",""
"220","fail","pass","","",""
"221","pass","pass","","",""
"222","pass","pass","","",""
"223","pass","pass","","",""
"224","pass","pass","","",""
"225","pass","pass","","",""
"226","pass","pass","","",""
"227","pass","pass","","",""
"228","pass","pass","","",""
"229","pass","pass","","",""
"230","pass","pass","","",""
"231","pass","pass","","",""
"232","fail","pass","","",""
"233","pass","pass","","",""
"234","fail","fail","","",""
"235","pass","pass","","",""
"236","pass","pass","","",""
"237","pass","pass","","",""
"238","pass","pass","","",""
"239","pass","pass","","",""
"240","fail","pass","","",""
"241","fail","pass","","",""
"242","pass","pass","","",""
"243","pass","pass","","",""
"244","pass","pass","","",""
"245","pass","pass","","",""
"246","pass","pass","","",""
"247","fail","fail","","",""
"248","pass","pass","","",""
"249","fail","pass","","",""
"250","pass","pass","","",""
"251","fail","pass","","",""
"252","fail","pass","","",""
"253","pass","pass","","",""
"254","fail","pass","","",""
"255","pass","pass","","",""
"256","pass","pass","","",""
"257","fail","pass","","",""
"258","pass","pass","","",""
"259","fail","fail","","",""
"260","pass","pass","","",""
"261","fail","pass","","",""
"262","pass","pass","","",""
"263","pass","pass","","",""
"264","pass","pass","","",""
"265","pass","pass","","",""
"266","fail","pass","","",""
"267","pass","pass","","",""
"268","pass","pass","","",""
"269","pass","pass","","",""
"270","fail","pass","","",""
"271","fail","pass","","",""
"272","pass","pass","","",""
"273","pass","pass","","",""
"274","pass","pass","","",""
"275","pass","pass","","",""
"276","pass","pass","","",""
"277","pass","pass","","",""
"278","fail","pass","","",""
"279","fail","pass","","",""
"280","pass","pass","","",""
"281","pass","pass","","",""
"282","fail","pass","","",""
"283","pass","pass","","",""
"284","pass","pass","","",""
"285","pass","pass","","",""
"286","pass","pass","","",""
"287","pass","pass","","",""
"288","pass","pass","","",""
"289","fail","pass","","",""
"290","fail","pass","","",""
"291","fail","pass","","",""
"292","fail","pass","","",""
"293","fail","pass","","",""
"294","pass","pass","","",""
"295","pass","pass","","",""
"296","fail","pass","","",""
"297","fail","pass","","",""
"298","fail","pass","","",""
"299","fail","pass","","",""
"300","pass","pass","","",""
"301","pass","pass","","",""
"302","fail","fail","","",""
"303","fail","pass","","",""
"304","pass","pass","","",""
"305","pass","pass","","",""
"306","pass","pass","","",""
"307","fail","pass","","",""
"308","pass","pass","","",""
"309","pass","pass","","",""
"310","fail","pass","","",""
"311","pass","pass","","",""
"312","pass","pass","","",""
"313","fail","fail","","",""
"314","pass","fail","","",""
"315","pass","pass","","",""
"316","fail","pass","","",""
"317","pass","pass","","",""
"318","pass","pass","","",""
"319","pass","pass","","",""
"320","pass","pass","","",""
"321","pass","pass","","",""
"322","fail","fail","","",""
"323","pass","pass","","",""
"324","fail","pass","","",""
"325","pass","pass","","",""
"326","pass","pass","","",""
"327","fail","pass","","",""
"328","pass","pass","","",""
"329","fail","pass","","",""
"330","pass","pass","","",""
"331","pass","pass","","",""
"332","pass","pass","","",""
"333","pass","pass","","",""
"334","pass","pass","","",""
"335","pass","pass","","",""
"336","pass","pass","","",""
"337","pass","pass","","",""
"338","pass","pass","","",""
"339","pass","pass","","",""
"340","pass","pass","","",""
"341","pass","pass","","",""
"342","pass","pass","","",""
"343","pass","pass","","",""
"344","pass","pass","","",""
"345","pass","pass","","",""
"346","pass","pass","","",""
"347","pass","pass","","",""
"348","pass","pass","","",""
"349","fail","pass","","",""
"350","pass","pass","","",""
"351","fail","pass","","",""
"352","pass","pass","","",""
"353","pass","pass","","",""
"354","pass","pass","","",""
"355","pass","pass","","",""
"356","fail","pass","","",""
"357","pass","pass","","",""
"358","pass","pass","","",""
"359","pass","pass","","",""
"360","pass","pass","","",""
"361","pass","pass","","",""
"362","pass","pass","","",""
"363","fail","pass","","",""
"364","fail","pass","","",""
"365","pass","pass","","",""
"366","pass","pass","","",""
"367","pass","pass","","",""
"368","fail","pass","","",""
"369","pass","pass","","",""
"370","fail","pass","","",""
"371","fail","pass","","",""
"372","fail","pass","","",""
"373","pass","pass","","",""
"374","fail","pass","","",""
"375","pass","pass","","",""
"376","fail","pass","","",""
"377","pass","pass","","",""
"378","fail","pass","","",""
"379","pass","pass","","",""
"380","pass","pass","","",""
"381","pass","pass","","",""
"382","pass","pass","","",""
"383","pass","pass","","",""
"384","pass","pass","","",""
"385","pass","pass","","",""
"386","pass","pass","","",""
"387","fail","fail","","",""
"388","fail","fail","","",""
"389","fail","fail","","",""
"390","pass","pass","","",""
"391","pass","pass","","",""
"392","pass","pass","","",""
"393","pass","pass","","",""
"394","pass","pass","","",""
"395","fail","pass","","",""
"396","fail","pass","","",""
"397","pass","pass","","",""
"398","pass","pass","","",""
"399","pass","pass","","",""
"400","pass","pass","","",""
"401","pass","pass","","",""
"402","pass","pass","","",""
"403","pass","pass","","",""
"404","pass","pass","","",""
"405","pass","pass","","",""
"406","pass","pass","","",""
"407","pass","pass","","",""
"408","fail","fail","","",""
"409","pass","pass","","",""
"410","pass","pass","","",""
"411","pass","pass","","",""
"412","pass","pass","","",""
"413","pass","pass","","",""
"414","pass","pass","","",""
"415","pass","pass","","",""
"416","fail","pass","","",""
"417","pass","pass","","",""
"418","pass","pass","","",""
"419","fail","pass","","",""
"420","fail","fail","","",""
"421","fail","pass","","",""
"422","fail","fail","","",""
"423","pass","pass","","",""
"424","fail","fail","","",""
"425","fail","fail","","",""
"426","fail","fail","","",""
"427","fail","fail","","",""
"428","fail","pass","","",""
"429","fail","pass","","",""
"430","pass","pass","","",""
"431","pass","fail","","",""
"432","fail","pass","","",""
"433","fail","fail","","",""
"434","fail","fail","","",""
"435","fail","fail","","",""
"436","fail","pass","","",""
"437","fail","pass","","",""
"438","pass","pass","","",""
"439","fail","fail","","",""
"440","pass","pass","","",""
"441","pass","pass","","",""
"442","fail","fail","","",""
"443","fail","pass","","",""
"444","pass","pass","","",""
"445","fail","pass","","",""
"446","fail","pass","","",""
"447","fail","fail","","",""
"448","fail","fail","","",""
"449","pass","pass","","",""
"450","pass","fail","","",""
"451","pass","pass","","",""
"452","fail","fail","","",""
"453","fail","fail","","",""
"454","fail","fail","","",""
"455","pass","pass","","",""
"456","fail","fail","","",""
"457","fail","fail","","",""
"458","pass","pass","","",""
"459","fail","fail","","",""
"460","fail","fail","","",""
"461","pass","pass","","",""
"462","pass","pass","","",""
"463","pass","pass","","",""
"464","fail","fail","","",""
"465","fail","pass","","",""
"466","pass","pass","","",""
"467","pass","pass","","",""
"468","pass","pass","","",""
"469","pass","pass","","",""
"470","pass","pass","","",""
"471","pass","pass","","",""
"472","pass","pass","","",""
"473","fail","fail","","",""
"474","pass","pass","","",""
"475","pass","pass","","",""
"476","fail","pass","","",""
"477","pass","pass","","",""
"478","pass","pass","","",""
"479","pass","pass","","",""
"480","pass","pass","","",""
"481","pass","pass","","",""
"482","fail","pass","","",""
"483","pass","pass","","",""
"484","pass","pass","","",""
"485","fail","pass","","",""
"486","fail","fail","","",""
"487","fail","pass","","",""
"488","pass","pass","","",""
"489","pass","pass","","",""
"490","fail","pass","","",""
"491","fail","fail","","",""
"492","pass","pass","","",""
"493","fail","pass","","",""
"494","fail","pass","","",""
"495","pass","pass","","",""
"496","pass","pass","","",""
"497","pass","pass","","",""
"498","pass","pass","","",""
"499","fail","pass","","",""
"500","pass","pass","","",""
"501","pass","pass","","",""
"502","pass","fail","","",""
"503","pass","pass","","",""
"504","fail","pass","","",""
"505","pass","pass","","",""
"506","fail","pass","","",""
"507","pass","pass","","",""
"508","fail","pass","","",""
"509","fail","fail","","",""
"510","fail","fail","","",""
"511","fail","fail","","",""
"512","fail","pass","","",""
"513","pass","pass","","",""
"514","fail","pass","","",""
"515","fail","fail","","",""
"516","pass","pass","","",""
"517","fail","pass","","",""
"518","fail","pass","","",""
"519","pass","pass","","",""
"520","pass","pass","","",""
"521","pass","pass","","",""
"522","pass","pass","","",""
"523","pass","pass","","",""
"524","fail","pass","","",""
"525","fail","fail","","",""
"526","pass","pass","","",""
"527","pass","pass","","",""
"528","pass","pass","","",""
"529","fail","pass","","",""
"530","fail","pass","","",""
"531","pass","pass","","",""
"532","pass","pass","","",""
"533","pass","pass","","",""
"534","pass","pass","","",""
"535","pass","pass","","",""
"536","pass","pass","","",""
"537","pass","pass","","",""
"538","pass","pass","","",""
"539","fail","fail","","",""
"540","pass","pass","","",""
"541","pass","pass","","",""
"542","pass","pass","","",""
"543","pass","pass","","",""
"544","fail","pass","","",""
"545","fail","pass","","",""
"546","pass","pass","","",""
"547","pass","pass","","",""
"548","fail","fail","","",""
"549","fail","fail","","",""
"550","fail","fail","","",""
"551","fail","pass","","",""
"552","pass","pass","","",""
"553","pass","pass","","",""
"554","pass","pass","","",""
"555","pass","pass","","",""
"556","pass","pass","","",""
"557","pass","pass","","",""
"558","pass","pass","","",""
"559","pass","fail","","",""
"560","fail","pass","","",""
"561","pass","pass","","",""
"562","fail","fail","","",""
"563","fail","fail","","",""
"564","pass","pass","","",""
"565","pass","pass","","",""
"566","fail","fail","","",""
"567","pass","pass","","",""
"568","pass","pass","","",""
"569","fail","pass","","",""
"570","pass","pass","","",""
"571","pass","pass","","",""
"572","pass","pass","","",""
"573","fail","pass","","",""
"574","fail","pass","","",""
"575","pass","pass","","",""
"576","pass","pass","","",""
"577","fail","pass","","",""
"578","pass","pass","","",""
"579","fail","pass","","",""
"580","fail","fail","","",""
"581","fail","pass","","",""
"582","fail","pass","","",""
"583","fail","pass","","",""
"584","pass","fail","","",""
"585","pass","pass","","",""
"586","pass","pass","","",""
"587","pass","pass","","",""
"588","pass","pass","","",""
"589","pass","pass","","",""
"590","pass","pass","","",""
"591","pass","pass","","",""
"592","pass","pass","","",""
"593","pass","pass","","",""
"594","pass","pass","","",""
"595","pass","pass","","",""
"596","pass","pass","","",""
"597","pass","pass","","",""
"598","pass","pass","","",""
"599","pass","pass","","",""
"600","fail","fail","","",""
"601","fail","pass","","",""
"602","fail","pass","","",""
"603","fail","pass","","",""
"604","pass","pass","","",""
"605","fail","pass","","",""
"606","fail","fail","","",""
"607","pass","pass","","",""
"608","fail","pass","","",""
"609","pass","pass","","",""
"610","fail","pass","","",""
"611","fail","pass","","",""
"612","pass","pass","","",""
"613","pass","pass","","",""
"614","pass","pass","","",""
"615","pass","pass","","",""
"616","pass","pass","","",""
"617","pass","pass","","",""
"618","pass","pass","","",""
"619","pass","pass","","",""
"620","fail","fail","","",""
"621","fail","fail","","",""
"622","fail","fail","","",""
"623","fail","pass","","",""
"624","fail","fail","","",""
"625","fail","fail","","",""
"626","fail","fail","","",""
"627","fail","fail","","",""
"628","pass","pass","","",""
"629","pass","pass","","",""
"630","pass","pass","","",""
"631","fail","pass","","",""
"632","pass","pass","","",""
"633","fail","pass","","",""
"634","fail","pass","","",""
"635","pass","pass","","",""
"636","fail","fail","","",""
"637","pass","pass","","",""
"638","pass","pass","","",""
"639","pass","pass","","",""
"640","pass","pass","","",""
"641","pass","pass","","",""
"642","fail","pass","","",""
"643","pass","pass","","",""
"644","pass","pass","","",""
"645","pass","pass","","",""
"646","fail","pass","","",""
"647","pass","pass","","",""
"648","pass","pass","","",""
"649","pass","pass","","",""
"650","pass","pass","","",""
"651","pass","pass","","",""
"652","pass","pass","","",""
"653","pass","pass","","",""
"654","pass","pass","","",""
"655","fail","fail","","",""
"656","pass","pass","","",""
"657","pass","pass","","",""
"658","pass","pass","","",""
"659","pass","pass","","",""
"660","fail","fail","","",""
"661","fail","fail","","",""
"662","pass","pass","","",""
"663","pass","pass","","",""
"664","pass","pass","","",""
"665","fail","pass","","",""
"666","pass","pass","","",""
"667","fail","fail","","",""
"668","pass","pass","","",""
"669","pass","pass","","",""
"670","pass","pass","","",""
"671","pass","pass","","",""
"672","pass","pass","","",""
"673","pass","pass","","",""
"674","pass","pass","","",""
"675","fail","pass","","",""
"676","pass","pass","","",""
"677","pass","pass","","",""
"678","pass","pass","","",""
"679","pass","pass","","",""
"680","fail","fail","","",""
"681","pass","pass","","",""
"682","fail","fail","","",""
"683","pass","pass","","",""
"684","pass","pass","","",""
"685","pass","pass","","",""
"686","fail","fail","","",""
"687","pass","pass","","",""
"688","pass","pass","","",""
"689","pass","pass","","",""
"690","pass","pass","","",""
"691","pass","pass","","",""
"692","pass","pass","","",""
"693","pass","pass","","",""
"694","pass","pass","","",""
"695","pass","pass","","",""
"696","pass","pass","","",""
"697","pass","pass","","",""
"698","fail","fail","","",""
"699","pass","pass","","",""
"700","pass","pass","","",""
"701","pass","pass","","",""
"702","fail","pass","","",""
"703","pass","pass","","",""
"704","pass","pass","","",""
"705","pass","pass","","",""
"706","pass","pass","","",""
"707","pass","pass","","",""
"708","pass","pass","","",""
"709","fail","pass","","",""
"710","pass","pass","","",""
"711","pass","pass","","",""
"712","fail","pass","","",""
"713","pass","pass","","",""
"714","pass","pass","","",""
"715","pass","pass","","",""
"716","pass","pass","","",""
"717","pass","pass","","",""
"718","fail","pass","","",""
"719","fail","pass","","",""
"720","pass","pass","","",""
"721","pass","pass","","",""
"722","fail","pass","","",""
"723","pass","pass","","",""
"724","pass","pass","","",""
"725","pass","pass","","",""
"726","fail","pass","","",""
"727","pass","pass","","",""
"728","pass","pass","","",""
"729","fail","pass","","",""
"730","pass","pass","","",""
"731","pass","pass","","",""
"732","pass","pass","","",""
"733","pass","pass","","",""
"734","pass","pass","","",""
"735","pass","pass","","",""
"736","pass","pass","","",""
"737","pass","pass","","",""
"738","pass","pass","","",""
"739","pass","pass","","",""
"740","pass","pass","","",""
"741","pass","pass","","",""
"742","fail","pass","","",""
"743","fail","fail","","",""
"744","pass","pass","","",""
"745","pass","pass","","",""
"746","pass","pass","","",""
"747","pass","pass","","",""
"748","pass","pass","","",""
"749","pass","pass","","",""
"750","pass","pass","","",""
"751","pass","pass","","",""
"752","fail","pass","","",""
"753","fail","pass","","",""
"754","pass","pass","","",""
"755","pass","pass","","",""
"756","fail","fail","","",""
"757","pass","pass","","",""
"758","pass","pass","","",""
"759","pass","pass","","",""
"760","pass","pass","","",""
"761","pass","pass","","",""
"762","pass","pass","","",""
"763","fail","pass","","",""
"764","pass","pass","","",""
"765","fail","fail","","",""
"766","fail","pass","","",""
"767","pass","pass","","",""
"768","pass","pass","","",""
"769","pass","pass","","",""
"770","pass","pass","","",""
"771","fail","pass","","",""
"772","pass","pass","","",""
"773","pass","pass","","",""
"774","fail","pass","","",""
"775","fail","pass","","",""
"776","pass","pass","","",""
"777","fail","pass","","",""
"778","fail","pass","","",""
"779","pass","pass","","",""
"780","fail","pass","","",""
"781","fail","pass","","",""
"782","pass","pass","","",""
"783","pass","pass","","",""
"784","pass","pass","","",""
"785","pass","pass","","",""
"786","pass","pass","","",""
"787","pass","pass","","",""
"788","fail","pass","","",""
"789","pass","pass","","",""
"790","pass","pass","","",""
"791","pass","pass","","",""
"792","pass","pass","","",""
"793","pass","pass","","",""
"794","fail","pass","","",""
"795","pass","pass","","",""
"796","fail","pass","","",""
"797","pass","pass","","",""
"798","fail","pass","","",""
"799","fail","pass","","",""
"800","fail","pass","","",""
"801","fail","fail","","",""
"802","fail","fail","","",""
"803","fail","pass","","",""
"804","pass","pass","","",""
"805","fail","pass","","",""
"806","pass","pass","","",""
"807","fail","pass","","",""
"808","pass","pass","","",""
"809","pass","pass","","",""
"810","pass","pass","","",""
"811","fail","fail","","",""
"812","pass","pass","","",""
"813","pass","pass","","",""
"814","fail","fail","","",""
"815","pass","pass","","",""
"816","pass","pass","","",""
"817","pass","pass","","",""
"818","fail","pass","","",""
"819","fail","fail","","",""
"820","pass","pass","","",""
"821","pass","pass","","",""
"822","fail","pass","","",""
"823","pass","pass","","",""
"824","pass","pass","","",""
"825","fail","fail","","",""
"826","fail","fail","","",""
"827","pass","pass","","",""
"828","fail","pass","","",""
"829","fail","fail","","",""
"830","fail","pass","","",""
"831","fail","fail","","",""
"832","fail","fail","","",""
"833","fail","pass","","",""
"834","pass","pass","","",""
"835","pass","pass","","",""
"836","pass","pass","","",""
"837","pass","pass","","",""
"838","fail","pass","","",""
"839","fail","pass","","",""
"840","pass","pass","","",""
"841","pass","pass","","",""
"842","pass","pass","","",""
"843","fail","pass","","",""
"844","pass","pass","","",""
"845","pass","pass","","",""
"846","pass","pass","","",""
"847","fail","fail","","",""
"848","fail","fail","","",""
"849","pass","fail","","",""
"850","pass","pass","","",""
"851","pass","pass","","",""
"852","pass","pass","","",""
"853","pass","pass","","",""
"854","fail","fail","","",""
"855","pass","pass","","",""
"856","fail","fail","","",""
"857","fail","pass","","",""
"858","pass","pass","","",""
"859","fail","pass","","",""
"860","pass","pass","","",""
"861","pass","pass","","",""
"862","fail","pass","","",""
"863","pass","pass","","",""
"864","pass","pass","","",""
"865","fail","pass","","",""
"866","fail","fail","","",""
"867","fail","pass","","",""
"868","pass","pass","","",""
"869","pass","pass","","",""
"870","fail","pass","","",""
"871","fail","fail","","",""
"872","pass","pass","","",""
"873","fail","pass","","",""
"874","fail","fail","","",""
"875","fail","fail","","",""
"876","pass","pass","","",""
"877","fail","pass","","",""
"878","pass","pass","","",""
"879","fail","pass","","",""
"880","pass","pass","","",""
"881","pass","pass","","",""
"882","pass","pass","","",""
"883","pass","pass","","",""
"884","fail","fail","","",""
"885","pass","pass","","",""
"886","pass","pass","","",""
"887","pass","pass","","",""
"888","pass","pass","","",""
"889","pass","pass","","",""
"890","pass","pass","","",""
"891","fail","fail","","",""
"892","pass","pass","","",""
"893","pass","pass","","",""
"894","pass","pass","","",""
"895","fail","pass","","",""
"896","fail","fail","","",""
"897","fail","pass","","",""
"898","fail","fail","","",""
"899","fail","fail","","",""
"900","fail","pass","","",""
"901","pass","pass","","",""
"902","fail","pass","","",""
"903","fail","fail","","",""
"904","pass","pass","","",""
"905","fail","pass","","",""
"906","pass","pass","","",""
"907","pass","pass","","",""
"908","pass","pass","","",""
"909","fail","pass","","",""
"910","fail","pass","","",""
"911","fail","fail","","",""
"912","pass","pass","","",""
"913","pass","pass","","",""
"914","pass","pass","","",""
"915","pass","pass","","",""
"916","fail","pass","","",""
"917","pass","pass","","",""
"918","fail","pass","","",""
"919","fail","pass","","",""
"920","pass","pass","","",""
"921","fail","pass","","",""
"922","pass","pass","","",""
"923","fail","fail","","",""
"924","fail","fail","","",""
"925","fail","pass","","",""
"926","fail","pass","","",""
"927","fail","pass","","",""
"928","fail","pass","","",""
"929","fail","pass","","",""
"930","fail","pass","","",""
"931","fail","pass","","",""
"932","fail","fail","","",""
"933","fail","fail","","",""
"934","pass","pass","","",""
"935","fail","fail","","",""
"936","fail","fail","","",""
"937","pass","pass","","",""
"938","pass","pass","","",""
"939","fail","fail","","",""
"940","pass","pass","","",""
"941","fail","pass","","",""
"942","fail","pass","","",""
"943","pass","pass","","",""
"944","pass","pass","","",""
"945","pass","pass","","",""
"946","pass","pass","","",""
"947","pass","pass","","",""
"948","fail","fail","","",""
"949","fail","fail","","",""
"950","fail","fail","","",""
"951","pass","pass","","",""
"952","pass","pass","","",""
"953","pass","pass","","",""
"954","fail","pass","","",""
"955","fail","pass","","",""
"956","pass","pass","","",""
"957","pass","pass","","",""
"958","fail","fail","","",""
"959","fail","fail","","",""
"960","fail","pass","","",""
"961","fail","fail","","",""
"962","pass","pass","","",""
"963","pass","pass","","",""
"964","pass","pass","","",""
"965","fail","pass","","",""
"966","fail","pass","","",""
"967","pass","fail","","",""
"968","pass","fail","","",""
"969","fail","pass","","",""
"970","fail","fail","","",""
"971","fail","pass","","",""
"972","pass","pass","","",""
"973","pass","pass","","",""
"974","pass","pass","","",""
"975","fail","fail","","",""
"976","fail","pass","","",""
"977","pass","pass","","",""
"978","fail","fail","","",""
"979","fail","fail","","",""
"980","fail","pass","","",""
"981","fail","pass","","",""
"982","pass","pass","","",""
"983","pass","pass","","",""
"984","pass","pass","","",""
"985","pass","pass","","",""
"986","pass","pass","","",""
"987","pass","pass","","",""
"988","pass","pass","","",""
"989","pass","fail","","",""
"990","pass","pass","","",""
"991","pass","pass","","",""
"992","fail","pass","","",""
"993","fail","pass","","",""
"994","pass","pass","","",""
"995","fail","fail","","",""
"996","fail","fail","","",""
"997","fail","fail","","",""
"998","pass","pass","","",""
"999","pass","pass","","",""
"1000","fail","pass","","",""
"1001","pass","pass","","",""
"1002","pass","pass","","",""
"1003","pass","pass","","",""
"1004","pass","pass","","",""
"1005","pass","pass","","",""
"1006","pass","pass","","",""
"1007","fail","fail","","",""
"1008","pass","fail","","",""
"1009","fail","fail","","",""
"1010","fail","pass","","",""
"1011","fail","fail","","",""
"1012","fail","pass","","",""
"1013","fail","fail","","",""
"1014","fail","fail","","",""
"1015","fail","fail","","",""
"1016","pass","pass","","",""
"1017","pass","pass","","",""
"1018","pass","pass","","",""
"1019","fail","fail","","",""
"1020","pass","pass","","",""
"1021","pass","pass","","",""
"1022","pass","pass","","",""
"1023","pass","pass","","",""
"1024","pass","pass","","",""
"1025","pass","pass","","",""
"1026","fail","pass","","",""
"1027","pass","pass","","",""
"1028","pass","pass","","",""
"1029","fail","pass","","",""
"1030","pass","pass","","",""
"1031","pass","pass","","",""
"1032","pass","pass","","",""
"1033","pass","pass","","",""
"1034","pass","pass","","",""
"1035","pass","pass","","",""
"1036","pass","pass","","",""
"1037","pass","pass","","",""
"1038","fail","fail","","",""
"1039","pass","pass","","",""
"1040","pass","pass","","",""
"1041","pass","pass","","",""
"1042","pass","pass","","",""
"1043","pass","pass","","",""
"1044","pass","pass","","",""
"1045","pass","pass","","",""
"1046","pass","pass","","",""
"1047","pass","pass","","",""
"1048","pass","pass","","",""
"1049","pass","pass","","",""
"1050","pass","pass","","",""
"1051","pass","pass","","",""
"1052","pass","pass","","",""
"1053","pass","pass","","",""
"1054","pass","pass","","",""
"1055","pass","pass","","",""
"1056","pass","pass","","",""
"1057","fail","pass","","",""
"1058","pass","pass","","",""
"1059","pass","pass","","",""
"1060","pass","pass","","",""
"1061","fail","pass","","",""
"1062","fail","pass","","",""
"1063","pass","pass","","",""
"1064","pass","pass","","",""
"1065","pass","pass","","",""
"1066","pass","pass","","",""
"1067","pass","pass","","",""
"1068","pass","pass","","",""
"1069","fail","fail","","",""
"1070","pass","pass","","",""
"1071","fail","fail","","",""
"1072","pass","pass","","",""
"1073","pass","fail","","",""
"1074","fail","fail","","",""
"1075","pass","pass","","",""
"1076","pass","pass","","",""
"1077","pass","pass","","",""
"1078","pass","pass","","",""
"1079","pass","pass","","",""
"1080","pass","pass","","",""
"1081","fail","fail","","",""
"1082","fail","fail","","",""
"1083","pass","pass","","",""
"1084","fail","pass","","",""
"1085","fail","fail","","",""
"1086","pass","pass","","",""
"1087","pass","pass","","",""
"1088","pass","pass","","",""
"1089","pass","pass","","",""
"1090","pass","pass","","",""
"1091","pass","pass","","",""
"1092","pass","pass","","",""
"1093","pass","pass","","",""
"1094","pass","pass","","",""
"1095","pass","pass","","",""
"1096","fail","fail","","",""
"1097","fail","fail","","",""
"1098","fail","pass","","",""
"1099","pass","pass","","",""
"1100","pass","pass","","",""
"1101","pass","pass","","",""
"1102","fail","pass","","",""
"1103","pass","pass","","",""
"1104","pass","pass","","",""
"1105","fail","fail","","",""
"1106","pass","fail","","",""
"1107","fail","pass","","",""
"1108","pass","pass","","",""
"1109","pass","pass","","",""
"1110","pass","pass","","",""
"1111","fail","fail","","",""
"1112","fail","fail","","",""
"1113","fail","fail","","",""
"1114","pass","pass","","",""
"1115","fail","pass","","",""
"1116","fail","pass","","",""
"1117","pass","pass","","",""
"1118","pass","pass","","",""
"1119","pass","pass","","",""
"1120","pass","pass","","",""
"1121","pass","pass","","",""
"1122","pass","pass","","",""
"1123","fail","pass","","",""
"1124","pass","pass","","",""
"1125","pass","pass","","",""
"1126","pass","pass","","",""
"1127","pass","pass","","",""
"1128","pass","pass","","",""
"1129","pass","fail","","",""
"1130","pass","pass","","",""
"1131","pass","pass","","",""
"1132","fail","pass","","",""
"1133","pass","pass","","",""
"1134","fail","fail","","",""
"1135","fail","fail","","",""
"1136","pass","pass","","",""
"1137","pass","pass","","",""
"1138","pass","pass","","",""
"1139","pass","pass","","",""
"1140","pass","pass","","",""
"1141","pass","pass","","",""
"1142","fail","fail","","",""
"1143","pass","pass","","",""
"1144","fail","pass","","",""
"1145","pass","pass","","",""
"1146","pass","pass","","",""
"1147","fail","pass","","",""
"1148","fail","fail","","",""
"1149","pass","pass","","",""
"1150","pass","pass","","",""
"1151","fail","fail","","",""
"1152","fail","pass","","",""
"1153","pass","fail","","",""
"1154","pass","pass","","",""
"1155","fail","fail","","",""
"1156","pass","pass","","",""
"1157","fail","pass","","",""
"1158","pass","pass","","",""
"1159","pass","pass","","",""
"1160","pass","pass","","",""
"1161","pass","pass","","",""
"1162","pass","pass","","",""
"1163","fail","pass","","",""
"1164","pass","pass","","",""
"1165","fail","fail","","",""
"1166","pass","pass","","",""
"1167","fail","pass","","",""
"1168","pass","pass","","",""
"1169","fail","pass","","",""
"1170","pass","pass","","",""
"1171","pass","pass","","",""
"1172","pass","pass","","",""
"1173","pass","pass","","",""
"1174","pass","fail","","",""
"1175","fail","pass","","",""
"1176","fail","pass","","",""
"1177","pass","fail","","",""
"1178","pass","pass","","",""
"1179","fail","fail","","",""
"1180","pass","pass","","",""
"1181","pass","pass","","",""
"1182","fail","pass","","",""
"1183","pass","pass","","",""
"1184","pass","pass","","",""
"1185","fail","fail","","",""
"1186","pass","pass","","",""
"1187","fail","fail","","",""
"1188","fail","fail","","",""
"1189","pass","fail","","",""
"1190","fail","pass","","",""
"1191","pass","pass","","",""
"1192","pass","pass","","",""
"1193","fail","pass","","",""
"1194","pass","pass","","",""
"1195","fail","pass","","",""
"1196","pass","pass","","",""
"1197","pass","pass","","",""
"1198","pass","pass","","",""
"1199","pass","pass","","",""
"1200","pass","pass","","",""
"1201","pass","pass","","",""
"1202","pass","pass","","",""
"1203","pass","pass","","",""
"1204","fail","fail","","",""
"1205","fail","pass","","",""
"1206","pass","pass","","",""
"1207","fail","fail","","",""
"1208","fail","fail","","",""
"1209","fail","fail","","",""
"1210","fail","pass","","",""
"1211","pass","pass","","",""
"1212","fail","pass","","",""
"1213","pass","pass","","",""
"1214","fail","pass","","",""
"1215","pass","pass","","",""
"1216","fail","fail","","",""
"1217","fail","fail","","",""
"1218","fail","pass","","",""
"1219","pass","pass","","",""
"1220","pass","pass","","",""
"1221","fail","pass","","",""
"1222","pass","pass","","",""
"1223","fail","pass","","",""
"1224","fail","fail","","",""
"1225","pass","pass","","",""
"1226","fail","pass","","",""
"1227","pass","fail","","",""
"1228","fail","fail","","",""
"1229","pass","pass","","",""
"1230","pass","pass","","",""
"1231","fail","pass","","",""
"1232","pass","pass","","",""
"1233","fail","fail","","",""
"1234","fail","fail","","",""
"1235","pass","pass","","",""
"1236","fail","fail","","",""
"1237","fail","pass","","",""
"1238","fail","fail","","",""
"1239","pass","pass","","",""
"1240","pass","pass","","",""
"1241","fail","fail","","",""
"1242","pass","pass","","",""
"1243","pass","pass","","",""
"1244","fail","fail","","",""
"1245","pass","pass","","",""
"1246","pass","pass","","",""
"1247","pass","pass","","",""
"1248","fail","pass","","",""
"1249","pass","pass","","",""
"1250","pass","pass","","",""
"1251","fail","fail","","",""
"1252","fail","fail","","",""
"1253","pass","pass","","",""
"1254","fail","fail","","",""
"1255","fail","pass","","",""
"1256","fail","fail","","",""
"1257","fail","pass","","",""
"1258","fail","pass","","",""
"1259","pass","pass","","",""
"1260","pass","pass","","",""
"1261","pass","pass","","",""
"1262","fail","pass","","",""
"1263","pass","pass","","",""
"1264","fail","fail","","",""
"1265","fail","fail","","",""
"1266","pass","pass","","",""
"1267","pass","pass","","",""
"1268","pass","pass","","",""
"1269","pass","fail","","",""
"1270","fail","fail","","",""
"1271","pass","pass","","",""
"1272","pass","fail","","",""
"1273","fail","fail","","",""
"1274","fail","fail","","",""
"1275","pass","pass","","",""
"1276","pass","pass","","",""
"1277","fail","pass","","",""
"1278","fail","pass","","",""
"1279","pass","pass","","",""
"1280","fail","pass","","",""
"1281","fail","fail","","",""
"1282","pass","pass","","",""
"1283","pass","pass","","",""
"1284","fail","pass","","",""
"1285","pass","pass","","",""
"1286","fail","fail","","",""
"1287","pass","pass","","",""
"1288","pass","pass","","",""
"1289","pass","pass","","",""
"1290","pass","pass","","",""
"1291","fail","fail","","",""
"1292","fail","fail","","",""
"1293","pass","pass","","",""
"1294","fail","fail","","",""
"1295","fail","pass","","",""
"1296","fail","pass","","",""
"1297","fail","fail","","",""
"1298","pass","pass","","",""
"1299","fail","pass","","",""
"1300","fail","pass","","",""
"1301","fail","fail","","",""
"1302","fail","fail","","",""
"1303","fail","fail","","",""
"1304","fail","pass","","",""
"1305","fail","fail","","",""
"1306","pass","pass","","",""
"1307","fail","fail","","",""
"1308","pass","pass","","",""
"1309","pass","pass","","",""
"1310","fail","fail","","",""
"1311","fail","pass","","",""
"1312","fail","fail","","",""
"1313","fail","fail","","",""
"1314","pass","pass","","",""
"1315","pass","pass","","",""
"1316","pass","pass","","",""
"1317","pass","pass","","",""
"1318","fail","pass","","",""
"1319","pass","fail","","",""
"1320","fail","pass","","",""
"1321","fail","fail","","",""
"1322","fail","fail","","",""
"1323","pass","pass","","",""
"1324","pass","pass","","",""
"1325","fail","fail","","",""
"1326","pass","pass","","",""
"1327","pass","pass","","",""
"1328","fail","pass","","",""
"1329","fail","fail","","",""
"1330","fail","fail","","",""
"1331","fail","fail","","",""
"1332","fail","fail","","",""
"1333","pass","fail","","",""
"1334","pass","pass","","",""
"1335","pass","pass","","",""
"1336","fail","fail","","",""
"1337","pass","pass","","",""
"1338","pass","pass","","",""
"1339","fail","pass","","",""
"1340","fail","pass","","",""
"1341","pass","pass","","",""
"1342","fail","pass","","",""
"1343","fail","pass","","",""
"1344","pass","pass","","",""
"1345","fail","fail","","",""
"1346","fail","fail","","",""
"1347","fail","pass","","",""
"1348","fail","fail","","",""
"1349","fail","pass","","",""
"1350","fail","pass","","",""
"1351","fail","pass","","",""
"1352","fail","fail","","",""
"1353","pass","pass","","",""
"1354","pass","pass","","",""
"1355","pass","pass","","",""
"1356","pass","pass","","",""
"1357","fail","fail","","",""
"1358","fail","fail","","",""
"1359","fail","fail","","",""
"1360","fail","pass","","",""
"1361","pass","pass","","",""
"1362","pass","pass","","",""
"1363","pass","pass","","",""
"1364","fail","fail","","",""
"1365","pass","pass","","",""
"1366","fail","fail","","",""
"1367","pass","pass","","",""
"1368","pass","pass","","",""
"1369","pass","pass","","",""
"1370","fail","fail","","",""
"1371","pass","pass","","",""
"1372","fail","fail","","",""
"1373","pass","pass","","",""
"1374","pass","pass","","",""
"1375","fail","fail","","",""
"1376","pass","pass","","",""
"1377","fail","pass","","",""
"1378","pass","pass","","",""
"1379","pass","pass","","",""
"1380","pass","pass","","",""
"1381","pass","pass","","",""
"1382","pass","pass","","",""
"1383","fail","pass","","",""
"1384","pass","pass","","",""
"1385","fail","pass","","",""
"1386","fail","fail","","",""
"1387","fail","pass","","",""
"1388","fail","pass","","",""
"1389","pass","pass","","",""
"1390","pass","pass","","",""
"1391","pass","pass","","",""
"1392","fail","fail","","",""
"1393","fail","pass","","",""
"1394","fail","pass","","",""
"1395","fail","pass","","",""
"1396","fail","fail","","",""
"1397","fail","fail","","",""
"1398","fail","fail","","",""
"1399","fail","pass","","",""
"1400","fail","pass","","",""
"1401","fail","fail","","",""
"1402","fail","fail","","",""
"1403","pass","pass","","",""
"1404","pass","pass","","",""
"1405","fail","pass","","",""
"1406","pass","pass","","",""
"1407","pass","pass","","",""
"1408","fail","fail","","",""
"1409","fail","fail","","",""
"1410","pass","pass","","",""
"1411","fail","pass","","",""
"1412","fail","pass","","",""
"1413","fail","fail","","",""
"1414","fail","pass","","",""
"1415","fail","fail","","",""
"1416","fail","fail","","",""
"1417","fail","fail","","",""
"1418","fail","fail","","",""
"1419","fail","pass","","",""
"1420","fail","fail","","",""
"1421","pass","pass","","",""
"1422","fail","pass","","",""
"1423","pass","pass","","",""
"1424","fail","fail","","",""
"1425","fail","fail","","",""
"1426","fail","fail","","",""
"1427","pass","pass","","",""
"1428","fail","pass","","",""
"1429","pass","pass","","",""
"1430","pass","pass","","",""
"1431","fail","fail","","",""
"1432","fail","fail","","",""
"1433","pass","pass","","",""
"1434","fail","pass","","",""
"1435","pass","pass","","",""
"1436","pass","pass","","",""
"1437","fail","pass","","",""
"1438","fail","fail","","",""
"1439","pass","pass","","",""
"1440","pass","pass","","",""
"1441","pass","pass","","",""
"1442","fail","fail","","",""
"1443","fail","pass","","",""
"1444","fail","fail","","",""
"1445","pass","pass","","",""
"1446","fail","fail","","",""
"1447","fail","pass","","",""
"1448","pass","pass","","",""
"1449","pass","pass","","",""
"1450","fail","fail","","",""
"1451","fail","fail","","",""
"1452","fail","fail","","",""
"1453","pass","pass","","",""
"1454","pass","pass","","",""
"1455","fail","fail","","",""
"1456","fail","fail","","",""
"1457","fail","fail","","",""
"1458","fail","pass","","",""
"1459","pass","pass","","",""
"1460","fail","fail","","",""
"1461","fail","fail","","",""
"1462","fail","pass","","",""
"1463","fail","pass","","",""
"1464","pass","pass","","",""
"1465","pass","pass","","",""
"1466","fail","fail","","",""
"1467","pass","pass","","",""
"1468","pass","pass","","",""
"1469","fail","fail","","",""
"1470","fail","fail","","",""
"1471","fail","pass","","",""
"1472","fail","pass","","",""
"1473","fail","fail","","",""
"1474","pass","pass","","",""
"1475","fail","pass","","",""
"1476","pass","pass","","",""
"1477","fail","fail","","",""
"1478","fail","fail","","",""
"1479","fail","fail","","",""
"1480","fail","fail","","",""
"1481","fail","pass","","",""
"1482","fail","fail","","",""
"1483","fail","fail","","",""
"1484","fail","pass","","",""
"1485","fail","pass","","",""
"1486","pass","pass","","",""
"1487","fail","pass","","",""
"1488","pass","pass","","",""
"1489","pass","pass","","",""
"1490","pass","pass","","",""
"1491","pass","pass","","",""
"1492","pass","pass","","",""
"1493","fail","fail","","",""
"1494","pass","pass","","",""
"1495","pass","pass","","",""
"1496","pass","pass","","",""
"1497","fail","fail","","",""
"1498","pass","pass","","",""
"1499","pass","pass","","",""
"1500","pass","pass","","",""
"1501","fail","pass","","",""
"1502","fail","fail","","",""
"1503","pass","pass","","",""
"1504","fail","pass","","",""
"1505","fail","pass","","",""
"1506","fail","pass","","",""
"1507","pass","pass","","",""
"1508","fail","fail","","",""
"1509","fail","fail","","",""
"1510","pass","pass","","",""
"1511","fail","pass","","",""
"1512","pass","fail","","",""
"1513","fail","pass","","",""
"1514","pass","pass","","",""
"1515","pass","pass","","",""
"1516","pass","pass","","",""
"1517","fail","fail","","",""
"1518","fail","fail","","",""
"1519","pass","pass","","",""
"1520","pass","pass","","",""
"1521","fail","fail","","",""
"1522","fail","fail","","",""
"1523","pass","pass","","",""
"1524","fail","fail","","",""
"1525","fail","pass","","",""
"1526","pass","pass","","",""
"1527","fail","fail","","",""
"1528","fail","fail","","",""
"1529","pass","pass","","",""
"1530","pass","pass","","",""
"1531","fail","pass","","",""
"1532","fail","fail","","",""
"1533","fail","fail","","",""
"1534","fail","fail","","",""
"1535","fail","pass","","",""
"1536","fail","pass","","",""
"1537","fail","fail","","",""
"1538","fail","fail","","",""
"1539","fail","pass","","",""
"1540","pass","pass","","",""
"1541","pass","pass","","",""
"1542","pass","fail","","",""
"1543","pass","pass","","",""
"1544","pass","pass","","",""
"1545","fail","fail","","",""
"1546","pass","pass","","",""
"1547","pass","pass","","",""
"1548","pass","pass","","",""
"1549","pass","pass","","",""
"1550","pass","pass","","",""
"1551","pass","pass","","",""
"1552","pass","pass","","",""
"1553","fail","fail","","",""
"1554","fail","fail","","",""
"1555","pass","pass","","",""
"1556","pass","pass","","",""
"1557","fail","fail","","",""
"1558","pass","fail","","",""
"1559","pass","pass","","",""
"1560","pass","pass","","",""
"1561","pass","pass","","",""
"1562","fail","fail","","",""
"1563","pass","pass","","",""
"1564","pass","pass","","",""
"1565","fail","pass","","",""
"1566","fail","pass","","",""
"1567","pass","fail","","",""
"1568","fail","fail","","",""
"1569","pass","pass","","",""
"1570","pass","pass","","",""
"1571","pass","pass","","",""
"1572","fail","fail","","",""
"1573","pass","pass","","",""
"1574","pass","pass","","",""
"1575","fail","fail","","",""
"1576","pass","pass","","",""
"1577","fail","fail","","",""
"1578","pass","pass","","",""
"1579","fail","fail","","",""
"1580","pass","pass","","",""
"1581","pass","pass","","",""
"1582","fail","fail","","",""
"1583","fail","fail","","",""
"1584","fail","fail","","",""
"1585","pass","pass","","",""
"1586","fail","fail","","",""
"1587","fail","fail","","",""
"1588","fail","pass","","",""
"1589","fail","fail","","",""
"1590","fail","pass","","",""
"1591","fail","fail","","",""
"1592","fail","fail","","",""
"1593","pass","fail","","",""
"1594","fail","fail","","",""
"1595","fail","pass","","",""
"1596","fail","pass","","",""
"1597","fail","fail","","",""
"1598","pass","pass","","",""
"1599","pass","pass","","",""
"1600","fail","fail","","",""
"1601","fail","fail","","",""
"1602","fail","fail","","",""
"1603","fail","pass","","",""
"1604","fail","pass","","",""
"1605","pass","pass","","",""
"1606","fail","fail","","",""
"1607","pass","pass","","",""
"1608","pass","pass","","",""
"1609","pass","pass","","",""
"1610","pass","fail","","",""
"1611","fail","fail","","",""
"1612","pass","pass","","",""
"1613","pass","pass","","",""
"1614","pass","pass","","",""
"1615","fail","fail","","",""
"1616","fail","fail","","",""
"1617","fail","fail","","",""
"1618","pass","pass","","",""
"1619","pass","pass","","",""
"1620","pass","pass","","",""
"1621","pass","pass","","",""
"1622","pass","pass","","",""
"1623","pass","pass","","",""
"1624","fail","pass","","",""
"1625","fail","pass","","",""
"1626","pass","fail","","",""
"1627","fail","fail","","",""
"1628","pass","pass","","",""
"1629","pass","pass","","",""
"1630","fail","pass","","",""
"1631","pass","pass","","",""
"1632","fail","pass","","",""
"1633","fail","fail","","",""
"1634","fail","fail","","",""
"1635","fail","fail","","",""
"1636","pass","pass","","",""
"1637","fail","fail","","",""
"1638","pass","pass","","",""
"1639","fail","fail","","",""
"1640","fail","fail","","",""
"1641","fail","pass","","",""
"1642","fail","fail","","",""
"1643","fail","fail","","",""
"1644","fail","fail","","",""
"1645","pass","pass","","",""
"1646","pass","pass","","",""
"1647","fail","fail","","",""
"1648","fail","fail","","",""
"1649","pass","pass","","",""
"1650","fail","fail","","",""
"1651","pass","pass","","",""
"1652","fail","pass","","",""
"1653","pass","pass","","",""
"1654","fail","fail","","",""
"1655","fail","fail","","",""
"1656","pass","pass","","",""
"1657","fail","fail","","",""
"1658","fail","fail","","",""
"1659","fail","fail","","",""
"1660","fail","pass","","",""
"1661","fail","fail","","",""
"1662","fail","fail","","",""
"1663","pass","pass","","",""
"1664","pass","pass","","",""
"1665","pass","pass","","",""
"1666","fail","fail","","",""
"1667","fail","fail","","",""
"1668","fail","fail","","",""
"1669","pass","pass","","",""
"1670","fail","fail","","",""
"1671","fail","pass","","",""
"1672","fail","fail","","",""
"1673","pass","pass","","",""
"1674","pass","pass","","",""
"1675","pass","pass","","",""
"1676","fail","fail","","",""
"1677","fail","pass","","",""
"1678","fail","fail","","",""
"1679","fail","fail","","",""
"1680","pass","pass","","",""
"1681","fail","pass","","",""
"1682","fail","pass","","",""
"1683","pass","pass","","",""
"1684","pass","pass","","",""
"1685","fail","pass","","",""
"1686","fail","fail","","",""
"1687","fail","fail","","",""
"1688","fail","fail","","",""
"1689","fail","fail","","",""
"1690","pass","pass","","",""
"1691","fail","fail","","",""
"1692","pass","pass","","",""
"1693","fail","fail","","",""
"1694","pass","fail","","",""
"1695","fail","pass","","",""
"1696","pass","pass","","",""
"1697","pass","pass","","",""
"1698","fail","fail","","",""
"1699","pass","pass","","",""
"1700","fail","fail","","",""
"1701","fail","fail","","",""
"1702","fail","fail","","",""
"1703","fail","fail","","",""
"1704","pass","pass","","",""
"1705","pass","pass","","",""
"1706","fail","fail","","",""
"1707","pass","pass","","",""
"1708","fail","fail","","",""
"1709","fail","fail","","",""
"1710","fail","fail","","",""
"1711","fail","pass","","",""
"1712","fail","fail","","",""
"1713","pass","pass","","",""
"1714","fail","pass","","",""
"1715","pass","pass","","",""
"1716","pass","pass","","",""
"1717","fail","fail","","",""
"1718","fail","fail","","",""
"1719","fail","fail","","",""
"1720","fail","fail","","",""
"1721","fail","pass","","",""
"1722","pass","fail","","",""
"1723","pass","pass","","",""
"1724","fail","fail","","",""
"1725","pass","pass","","",""
"1726","fail","pass","","",""
"1727","pass","pass","","",""
"1728","fail","fail","","",""
"1729","fail","fail","","",""
"1730","fail","fail","","",""
"1731","fail","pass","","",""
"1732","fail","fail","","",""
"1733","pass","pass","","",""
"1734","pass","pass","","",""
"1735","fail","pass","","",""
"1736","fail","fail","","",""
"1737","fail","fail","","",""
"1738","fail","fail","","",""
"1739","pass","pass","","",""
"1740","fail","fail","","",""
"1741","pass","pass","","",""
"1742","fail","fail","","",""
"1743","fail","pass","","",""
"1744","pass","pass","","",""
"1745","fail","pass","","",""
"1746","fail","fail","","",""
"1747","pass","pass","","",""
"1748","pass","pass","","",""
"1749","fail","fail","","",""
"1750","fail","pass","","",""
"1751","pass","pass","","",""
"1752","fail","fail","","",""
"1753","pass","pass","","",""
"1754","fail","fail","","",""
"1755","fail","fail","","",""
"1756","pass","fail","","",""
"1757","fail","pass","","",""
"1758","pass","pass","","",""
"1759","fail","fail","","",""
"1760","fail","fail","","",""
"1761","pass","pass","","",""
"1762","pass","pass","","",""
"1763","fail","pass","","",""
"1764","fail","fail","","",""
"1765","pass","pass","","",""
"1766","pass","fail","","",""
"1767","fail","pass","","",""
"1768","pass","pass","","",""
"1769","fail","pass","","",""
"1770","pass","pass","","",""
"1771","fail","fail","","",""
"1772","pass","pass","","",""
"1773","fail","pass","","",""
"1774","pass","pass","","",""
"1775","fail","pass","","",""
"1776","fail","fail","","",""
"1777","fail","fail","","",""
"1778","fail","fail","","",""
"1779","fail","fail","","",""
"1780","pass","pass","","",""
"1781","fail","pass","","",""
"1782","fail","fail","","",""
"1783","pass","pass","","",""
"1784","pass","pass","","",""
"1785","fail","fail","","",""
"1786","fail","fail","","",""
"1787","pass","pass","","",""
"1788","pass","pass","","",""
"1789","fail","pass","","",""
"1790","pass","pass","","",""
"1791","pass","pass","","",""
"1792","pass","pass","","",""
"1793","fail","fail","","",""
"1794","fail","fail","","",""
"1795","pass","fail","","",""
"1796","pass","pass","","",""
"1797","pass","fail","","",""
"1798","fail","fail","","",""
"1799","fail","fail","","",""
"1800","fail","pass","","",""
"1801","fail","fail","","",""
"1802","fail","pass","","",""
"1803","fail","fail","","",""
"1804","fail","fail","","",""
"1805","pass","pass","","",""
"1806","fail","fail","","",""
"1807","pass","pass","","",""
"1808","fail","fail","","",""
"1809","fail","fail","","",""
"1810","pass","pass","","",""
"1811","pass","pass","","",""
"1812","pass","pass","","",""
"1813","fail","pass","","",""
"1814","pass","fail","","",""
"1815","fail","fail","","",""
"1816","fail","fail","","",""
"1817","fail","pass","","",""
"1818","fail","fail","","",""
"1819","pass","pass","","",""
"1820","fail","fail","","",""
"1821","fail","fail","","",""
"1822","fail","fail","","",""
"1823","pass","pass","","",""
"1824","fail","pass","","",""
"1825","pass","pass","","",""
"1826","pass","pass","","",""
